100
0  0  8  79 36 0  0  0  0  0  0  0  0  81 12 88 0  0  0  0  32 68 94 0  0  13 0  94 0  24 76 0  7  26 0  11 43 74 0  33 15 75 0  0  0  23 0  0  0  46 0  0  0  0  0  0  33 0  99 0  12 79 21 18 0  0  0  0  0  0  0  0  18 26 0  96 0  0  0  0  0  27 34 72 0  88 0  63 0  97 52 86 56 0  0  90 0  40 0  79 
0  0  0  0  38 0  20 0  0  0  0  42 24 90 49 77 0  0  0  73 28 53 86 22 49 22 56 92 14 97 0  78 76 9  76 8  98 0  0  0  35 0  0  36 53 95 38 48 16 72 83 0  0  0  4  11 72 0  0  66 0  0  18 22 0  0  17 0  0  16 0  0  0  57 0  0  0  20 0  76 0  0  59 29 39 0  32 76 48 39 82 0  32 84 93 20 0  0  0  15 
8  0  0  36 50 0  29 0  0  0  0  0  0  0  0  0  0  25 0  0  10 0  2  0  0  93 0  15 0  0  0  0  0  0  0  0  94 26 16 74 81 0  0  96 25 0  25 0  2  0  98 40 82 25 43 37 99 0  0  3  0  0  0  7  0  0  77 0  0  0  0  0  0  89 62 40 37 0  0  0  0  64 0  0  0  0  5  0  83 46 0  47 29 64 0  0  0  98 0  0  
79 0  36 81 83 5  3  85 33 0  0  0  65 55 53 73 0  0  0  0  65 23 0  0  25 0  10 78 0  18 48 69 97 94 49 37 0  0  14 0  76 0  0  0  99 1  51 0  86 75 84 52 74 0  15 61 0  36 63 72 0  81 0  0  0  18 0  5  99 48 0  0  72 54 0  51 0  37 0  4  33 92 73 15 28 61 86 51 0  0  0  60 0  81 0  48 53 25 0  0  
36 38 50 83 5  65 50 0  80 0  86 0  55 99 81 88 0  0  0  24 67 44 64 32 47 0  50 20 0  18 0  23 6  10 0  0  34 57 51 72 48 88 0  88 95 15 31 87 0  50 0  0  57 0  55 72 53 0  4  44 4  40 72 0  0  2  1  70 31 0  26 0  90 73 0  0  0  42 32 0  97 82 65 0  83 62 0  52 90 0  82 45 93 27 36 73 0  43 46 24 
0  0  0  5  65 0  90 0  0  0  0  0  0  0  0  0  0  97 0  0  0  99 0  84 92 29 0  0  0  46 0  22 35 21 0  94 0  0  0  14 0  0  0  11 87 92 2  0  0  0  81 45 0  0  91 41 0  0  0  0  0  73 0  0  0  39 0  0  0  0  0  0  0  0  0  0  0  0  34 79 0  1  81 0  0  20 6  0  91 0  16 63 0  0  0  56 29 90 0  57 
0  20 29 3  50 90 54 68 57 98 0  80 26 0  15 57 14 0  78 58 59 0  0  16 60 0  94 72 76 6  4  55 24 12 86 0  28 0  94 0  96 0  54 69 36 27 32 68 0  22 62 0  53 0  48 41 74 75 0  31 29 33 62 0  35 50 0  14 53 0  88 0  85 0  4  79 64 0  82 23 79 37 21 33 31 0  56 15 96 28 72 83 81 76 74 67 61 0  0  39 
0  0  0  85 0  0  68 0  96 0  41 54 73 0  36 0  0  0  0  43 65 27 0  40 20 0  0  56 0  0  0  0  82 10 0  77 50 69 0  0  90 24 97 69 50 0  0  2  0  0  10 0  81 0  0  23 0  96 0  0  13 94 35 0  0  0  0  16 0  33 0  80 0  46 0  0  51 49 0  0  0  0  25 57 8  9  65 0  63 0  98 6  0  81 20 0  0  8  0  0  
0  0  0  33 80 0  57 96 0  0  23 0  0  0  58 42 83 11 64 41 80 68 61 20 78 12 98 42 0  95 61 97 62 0  0  26 60 0  0  67 49 66 32 0  46 8  97 79 96 82 0  0  99 55 84 23 66 43 47 61 55 16 54 30 29 0  0  26 28 28 0  0  92 94 33 53 0  14 0  0  0  60 0  14 27 95 96 75 69 30 13 0  69 66 58 38 12 61 10 35 
0  0  0  0  0  0  98 0  0  29 0  81 59 5  0  49 0  21 0  70 31 26 63 59 3  28 0  0  0  28 0  0  26 43 0  41 0  0  17 70 26 25 68 55 43 87 0  0  0  7  0  0  37 96 13 0  93 62 84 73 69 17 9  10 0  63 0  0  34 0  0  0  6  0  0  47 0  0  0  75 17 65 0  0  70 23 0  14 4  0  0  0  42 10 0  0  0  84 0  80 
0  0  0  0  86 0  0  41 23 0  0  0  0  0  0  0  0  0  0  0  65 0  92 75 40 0  0  92 0  54 0  0  59 0  0  91 0  7  0  15 28 0  0  26 0  51 0  0  0  0  33 0  38 54 17 27 96 55 77 0  17 44 0  0  0  0  0  3  95 1  0  78 51 0  0  0  0  83 0  0  95 0  0  0  0  0  28 73 0  0  0  10 0  0  0  0  0  0  0  0  
0  42 0  0  0  0  80 54 0  81 0  0  0  88 56 65 0  43 68 0  0  0  4  0  8  0  97 93 0  47 77 38 55 0  62 0  0  75 0  0  0  0  0  40 49 82 0  81 0  8  17 41 0  32 0  49 38 12 44 79 0  14 62 1  16 0  26 53 21 0  0  93 46 83 89 0  57 0  0  0  0  33 99 82 96 32 21 47 0  0  54 0  18 88 5  0  59 13 0  98 
0  24 0  65 55 0  26 73 0  59 0  0  0  0  77 0  0  58 0  0  0  93 98 18 27 6  0  0  0  0  77 0  74 39 0  52 0  0  0  65 61 0  0  17 0  0  51 94 68 0  99 5  33 27 0  64 30 0  14 0  71 44 0  75 6  62 78 6  58 0  0  0  0  78 0  88 0  10 0  0  41 96 68 0  0  68 0  0  2  19 75 8  59 9  0  0  0  0  0  0  
81 90 0  55 99 0  0  0  0  5  0  88 0  0  65 25 0  0  83 0  0  69 0  56 0  0  0  6  0  0  32 0  56 34 0  23 0  0  3  64 0  16 0  0  0  48 70 13 13 0  97 0  98 0  90 0  98 0  99 85 0  68 25 30 43 0  0  0  0  84 0  35 86 0  13 0  0  0  0  17 88 12 43 2  0  0  74 0  0  0  55 27 52 0  0  58 0  0  0  21 
12 49 0  53 81 0  15 36 58 0  0  56 77 65 40 65 86 0  98 59 18 46 79 78 9  70 0  0  49 58 12 77 3  0  0  0  24 0  77 23 30 47 44 43 59 85 33 69 92 74 76 16 28 74 90 0  0  0  0  84 28 21 34 63 58 0  84 23 67 75 1  39 96 6  8  8  0  68 96 12 84 1  13 87 58 7  78 0  35 0  43 21 0  46 33 95 0  58 48 0  
88 77 0  73 88 0  57 0  42 49 0  65 0  25 65 0  0  3  0  70 0  0  60 62 78 73 0  42 0  38 0  35 15 77 0  92 52 83 0  69 42 81 53 54 24 46 62 75 0  0  1  42 88 0  63 71 0  0  0  0  0  10 0  0  0  42 11 63 0  30 1  0  33 0  68 0  0  69 0  0  0  0  73 64 54 31 32 57 90 13 15 9  99 38 0  19 0  0  11 94 
0  0  0  0  0  0  14 0  83 0  0  0  0  0  86 0  51 0  0  18 0  0  0  0  82 90 27 88 53 65 0  23 17 75 0  30 0  0  0  59 67 0  0  0  97 42 0  91 0  0  0  24 71 9  75 56 0  0  31 0  72 19 0  0  0  0  13 62 0  0  0  94 44 0  0  2  0  0  0  0  0  91 57 0  0  79 0  0  0  58 0  11 24 33 0  0  0  0  0  16 
0  0  25 0  0  97 0  0  11 21 0  43 58 0  0  3  0  0  63 30 0  5  62 8  56 6  64 37 86 54 41 0  4  57 68 85 25 0  0  0  83 15 0  65 71 38 0  68 0  23 53 54 0  18 82 12 65 0  44 67 87 11 0  0  0  32 89 8  94 72 0  0  65 39 33 84 89 39 0  68 53 6  62 81 0  0  0  52 66 0  87 0  58 0  19 0  10 76 91 37 
0  0  0  0  0  0  78 0  64 0  0  68 0  83 98 0  0  63 0  0  0  44 0  0  0  58 0  2  0  0  83 0  0  0  83 59 0  19 0  40 63 0  74 10 98 71 13 0  0  6  0  95 67 0  62 0  0  5  94 0  0  99 0  0  57 0  78 0  31 0  0  0  0  0  63 7  0  0  0  0  0  7  0  0  0  82 0  0  53 69 38 18 0  0  0  0  58 91 0  86 
0  73 0  0  24 0  58 43 41 70 0  0  0  0  59 70 18 30 0  0  90 73 95 0  0  5  0  89 0  50 0  0  0  0  0  0  0  99 82 70 46 0  0  0  0  0  0  71 0  39 0  0  16 0  35 73 93 56 29 51 0  0  75 0  0  0  0  0  0  0  0  0  0  0  53 0  0  0  0  64 0  41 86 0  0  0  0  96 90 0  39 0  84 0  0  0  0  0  35 8  
32 28 10 65 67 0  59 65 80 31 65 0  0  0  18 0  0  0  0  90 0  21 27 22 35 13 0  26 61 8  16 67 0  84 15 78 0  87 96 85 92 44 61 88 48 42 89 8  70 69 83 41 0  0  84 0  26 40 60 86 25 0  0  0  0  76 0  0  13 67 7  69 75 0  7  0  0  55 0  77 49 0  21 0  0  0  40 55 91 97 80 22 2  0  31 77 0  78 0  23 
68 53 0  23 44 99 0  27 68 26 0  0  93 69 46 0  0  5  44 73 21 95 0  54 94 47 37 58 89 74 0  0  36 2  10 40 85 37 28 72 19 63 0  51 60 60 87 57 0  4  0  84 14 0  50 76 34 22 0  0  0  0  0  86 0  83 85 56 2  0  71 16 0  0  61 19 72 21 0  0  23 15 30 0  52 0  46 0  44 53 84 98 0  22 29 0  0  0  79 32 
94 86 2  0  64 0  0  0  61 63 92 4  98 0  79 60 0  62 0  95 27 0  55 40 24 57 34 17 9  53 4  0  36 45 89 97 23 0  73 4  0  23 76 0  90 0  3  93 0  47 72 0  0  0  67 89 51 52 31 7  34 0  0  0  16 31 0  47 16 36 0  0  0  0  21 9  0  45 59 0  84 70 85 30 10 2  0  28 0  55 46 68 49 14 25 0  0  37 50 10 
0  22 0  0  32 84 16 40 20 59 75 0  18 56 78 62 0  8  0  0  22 54 40 0  0  16 32 0  0  58 93 62 66 90 0  0  15 88 0  43 94 89 13 0  0  0  32 27 0  6  0  0  35 20 56 82 35 65 0  0  16 5  0  0  0  0  0  2  0  26 0  58 12 0  13 98 0  0  0  0  8  91 84 58 0  43 0  0  8  0  49 11 0  61 0  0  47 34 0  65 
0  49 0  25 47 92 60 20 78 3  40 8  27 0  9  78 82 56 0  0  35 94 24 0  77 0  83 80 84 64 47 16 0  38 0  85 0  91 0  20 0  51 72 72 15 36 0  98 0  19 17 0  2  70 93 0  18 99 80 0  66 28 5  72 40 33 75 0  33 32 0  43 74 0  92 0  30 22 0  0  0  1  85 75 93 25 54 0  80 80 94 0  0  79 0  30 0  54 1  16 
13 22 93 0  0  29 0  0  12 28 0  0  6  0  70 73 90 6  58 5  13 47 57 16 0  0  0  39 42 88 0  89 73 40 53 53 86 0  57 35 57 23 0  10 19 12 21 1  0  15 70 29 90 0  46 14 84 32 34 0  38 88 78 30 0  0  41 36 0  51 0  39 57 40 0  95 80 0  72 36 20 96 24 79 24 82 49 19 0  40 70 9  39 73 0  0  0  76 0  90 
0  56 0  10 50 0  94 0  98 0  0  97 0  0  0  0  27 64 0  0  0  37 34 32 83 0  0  74 0  0  0  0  0  40 0  58 0  0  78 92 14 5  0  57 60 74 0  0  0  51 0  0  0  76 0  77 21 0  0  0  21 3  0  89 0  0  0  0  0  14 0  0  0  0  94 0  0  17 0  0  0  0  60 0  0  0  0  0  0  0  29 0  51 28 52 0  0  83 0  79 
94 92 15 78 20 0  72 56 42 0  92 93 0  6  0  42 88 37 2  89 26 58 17 0  80 39 74 74 0  0  0  39 35 9  20 85 12 0  11 31 47 36 90 39 29 63 34 38 0  21 13 27 33 28 0  49 0  70 0  0  15 23 99 3  94 68 70 70 59 43 0  81 0  43 0  30 87 0  26 95 0  40 18 23 91 34 40 92 34 6  87 20 25 0  45 87 0  12 95 60 
0  14 0  0  0  0  76 0  0  0  0  0  0  0  49 0  53 86 0  0  61 89 9  0  84 42 0  0  0  14 0  0  67 50 0  0  91 32 3  63 13 0  73 58 0  0  41 18 76 0  82 0  49 0  92 58 22 0  61 0  0  0  88 50 0  0  0  0  17 66 0  0  22 0  0  0  16 0  0  86 0  0  0  10 0  85 85 20 0  0  0  0  0  0  0  0  0  87 67 95 
24 97 0  18 18 46 6  0  95 28 54 47 0  0  58 38 65 54 0  50 8  74 53 58 64 88 0  0  14 72 54 3  16 64 40 21 41 76 73 0  63 89 55 82 0  0  52 81 2  83 94 45 44 80 29 3  92 0  89 26 49 8  90 0  53 26 51 8  0  29 48 0  73 0  45 31 20 0  0  58 0  87 97 98 0  16 1  6  0  7  69 75 0  81 0  2  0  0  85 34 
76 0  0  48 0  0  4  0  61 0  0  77 77 32 12 0  0  41 83 0  16 0  4  93 47 0  0  0  0  54 66 0  0  26 0  58 1  0  0  89 49 0  0  54 0  68 0  0  81 0  0  68 0  96 63 0  20 86 8  0  90 0  60 21 0  0  92 81 0  77 0  0  0  0  76 0  0  0  0  70 0  41 0  35 84 67 0  77 44 5  0  0  0  40 0  0  0  99 0  74 
0  78 0  69 23 22 55 0  97 0  0  38 0  0  77 35 23 0  0  0  67 0  0  62 16 89 0  39 0  3  0  0  42 0  0  0  83 32 0  0  96 3  0  73 73 0  31 0  0  0  27 0  20 0  0  0  29 0  0  0  48 0  0  69 0  0  0  0  0  0  0  84 0  0  13 41 0  0  0  0  0  0  0  0  49 0  0  0  11 23 0  0  0  73 0  0  0  97 0  97 
7  76 0  97 6  35 24 82 62 26 59 55 74 56 3  15 17 4  0  0  0  36 36 66 0  73 0  35 67 16 0  42 86 0  16 46 96 14 76 0  70 73 92 44 58 55 0  66 81 30 49 67 62 0  0  1  74 44 19 0  94 25 9  92 41 76 97 0  21 57 0  53 0  64 54 68 0  0  0  47 0  0  12 28 61 83 68 70 32 49 27 26 26 36 22 18 74 42 7  38 
26 9  0  94 10 21 12 10 0  43 0  0  39 34 0  77 75 57 0  0  84 2  45 90 38 40 40 9  50 64 26 0  0  76 0  0  66 0  76 70 96 0  0  76 25 0  2  22 8  0  55 76 95 0  61 30 28 40 14 61 88 61 69 0  88 0  0  22 50 2  51 0  0  0  81 0  32 97 62 0  12 77 92 85 0  0  0  0  0  26 72 30 0  61 0  0  91 28 0  19 
0  76 0  49 0  0  86 0  0  0  0  62 0  0  0  0  0  68 83 0  15 10 89 0  0  53 0  20 0  40 0  0  16 0  0  55 27 16 97 50 0  0  0  0  0  47 0  0  74 0  0  0  12 51 71 70 0  0  20 0  47 25 0  0  0  0  38 0  58 0  0  24 27 0  44 0  0  96 0  0  0  0  49 0  0  80 20 27 0  64 46 26 0  99 39 0  0  0  0  92 
11 8  0  37 0  94 0  77 26 41 91 0  52 23 0  92 30 85 59 0  78 40 97 0  85 53 58 85 0  21 58 0  46 0  55 0  0  34 0  77 14 97 5  50 53 47 0  0  0  0  26 0  51 0  90 95 9  23 0  6  23 80 23 39 0  27 0  16 0  0  95 40 75 52 0  73 0  0  0  87 68 73 62 30 30 65 66 24 73 0  88 0  35 77 0  74 0  0  3  31 
43 98 94 0  34 0  28 50 60 0  0  0  0  0  24 52 0  25 0  0  0  85 23 15 0  86 0  12 91 41 1  83 96 66 27 0  0  5  3  72 58 35 57 0  0  22 0  86 13 90 59 0  73 51 64 5  34 0  19 57 78 49 0  0  76 0  0  86 44 58 48 0  97 27 97 12 0  2  41 20 0  33 64 35 67 32 54 0  22 17 94 68 82 39 8  36 40 0  0  17 
74 0  26 0  57 0  0  69 0  0  7  75 0  0  0  83 0  0  19 99 87 37 0  88 91 0  0  0  32 76 0  32 14 0  16 34 5  0  0  0  11 89 0  48 19 16 0  0  0  23 0  67 27 0  54 0  1  37 0  0  57 65 0  0  9  57 0  0  56 14 0  0  76 56 34 41 0  0  0  92 0  89 75 0  0  0  42 68 49 62 0  80 8  20 0  0  0  0  0  56 
0  0  16 14 51 0  94 0  0  17 0  0  0  3  77 0  0  0  0  82 96 28 73 0  0  57 78 11 3  73 0  0  76 76 97 0  3  0  27 0  92 86 0  0  13 57 4  70 0  3  39 64 84 0  78 34 0  79 1  0  17 91 0  92 78 0  46 8  27 88 0  27 81 49 0  0  2  0  73 57 0  10 46 65 35 97 25 0  29 0  11 7  73 90 28 85 0  0  0  77 
33 0  74 0  72 14 0  0  67 70 15 0  65 64 23 69 59 0  40 70 85 72 4  43 20 35 92 31 63 0  89 0  0  70 50 77 72 0  0  0  63 0  0  28 79 95 8  49 88 96 0  15 90 9  0  26 91 94 0  0  40 55 90 55 0  23 40 34 56 7  19 71 0  68 82 29 0  88 33 23 32 24 29 98 0  81 11 15 22 54 28 65 0  29 64 51 45 67 52 72 
15 35 81 76 48 0  96 90 49 26 28 0  61 0  30 42 67 83 63 46 92 19 0  94 0  57 14 47 13 63 49 96 70 96 0  14 58 11 92 63 74 0  77 0  81 1  31 41 67 97 57 0  16 24 7  0  71 34 60 0  49 0  90 38 0  0  0  0  0  87 87 98 24 91 0  18 21 18 6  0  48 85 0  0  49 0  43 49 57 4  68 73 0  42 1  76 45 29 70 43 
75 0  0  0  88 0  0  24 66 25 0  0  0  16 47 81 0  15 0  0  44 63 23 89 51 23 5  36 0  89 0  3  73 0  0  97 35 89 86 0  0  0  0  0  0  20 0  0  0  68 61 0  18 2  22 35 35 0  44 6  0  68 0  0  0  0  50 82 97 84 0  17 66 0  67 30 93 0  0  90 0  0  0  5  96 50 81 0  10 0  28 3  34 98 0  7  96 32 0  0  
0  0  0  0  0  0  54 97 32 68 0  0  0  0  44 53 0  0  74 0  61 0  76 13 72 0  0  90 73 55 0  0  92 0  0  5  57 0  0  0  77 0  0  0  67 8  0  96 0  0  0  0  0  0  12 73 47 11 0  0  75 17 0  0  0  55 56 5  17 0  0  0  0  0  0  0  0  0  0  43 0  72 0  0  0  1  0  0  89 0  57 15 0  0  0  0  0  0  0  63 
0  36 96 0  88 11 69 69 0  55 26 40 17 0  43 54 0  65 10 0  88 51 0  0  72 10 57 39 58 82 54 73 44 76 0  50 0  48 0  28 0  0  0  0  9  39 63 0  20 29 91 57 13 5  43 0  68 32 78 82 1  51 21 0  28 0  91 33 95 38 0  11 69 95 75 78 97 0  0  15 42 0  0  35 65 74 44 4  0  92 38 51 41 44 53 10 14 71 0  0  
0  53 25 99 95 87 36 50 46 43 0  49 0  0  59 24 97 71 98 0  48 60 90 0  15 19 60 29 0  0  0  73 58 25 0  53 0  19 13 79 81 0  67 9  85 42 0  31 0  34 36 39 85 47 98 44 65 68 43 22 40 87 4  87 37 43 7  0  13 0  0  72 2  68 37 0  99 65 0  15 0  37 0  58 0  0  89 79 97 0  73 40 13 63 34 86 42 24 76 98 
23 95 0  1  15 92 27 0  8  87 51 82 0  48 85 46 42 38 71 0  42 60 0  0  36 12 74 63 0  0  68 0  55 0  47 47 22 16 57 95 1  20 8  39 42 0  0  73 60 0  42 62 8  64 86 23 35 95 72 31 44 29 87 85 36 0  27 55 55 35 91 31 6  41 8  29 51 28 0  20 70 0  92 24 0  85 69 0  81 44 98 97 57 87 0  0  35 0  10 15 
0  38 25 51 31 2  32 0  97 0  0  0  51 70 33 62 0  0  13 0  89 87 3  32 0  21 0  34 41 52 0  31 0  2  0  0  0  0  4  8  31 0  0  63 0  0  0  0  0  0  97 0  81 47 85 35 98 37 64 0  0  44 3  41 0  35 69 0  92 18 0  0  0  10 75 27 19 0  0  0  0  78 14 0  59 0  0  81 0  0  48 16 35 79 0  78 0  16 0  0  
0  48 0  0  87 0  68 2  79 0  0  81 94 13 69 75 91 68 0  71 8  57 93 27 98 1  0  38 18 81 0  0  66 22 0  0  86 0  70 49 41 0  96 0  31 73 0  0  4  4  0  0  25 48 27 0  69 0  0  0  17 60 9  19 0  2  0  0  12 70 0  0  0  24 16 51 0  35 37 2  0  68 55 73 0  0  0  60 64 0  72 0  83 32 50 31 89 0  0  69 
0  16 2  86 0  0  0  0  96 0  0  0  68 13 92 0  0  0  0  0  70 0  0  0  0  0  0  0  76 2  81 0  81 8  74 0  13 0  0  88 67 0  0  20 0  60 0  4  0  82 12 73 0  27 26 0  90 35 75 85 0  69 0  82 0  32 61 0  0  97 81 0  40 0  0  55 50 0  37 0  0  84 80 0  0  28 0  5  96 10 56 0  0  15 0  10 0  0  0  33 
46 72 0  75 50 0  22 0  82 7  0  8  0  0  74 0  0  23 6  39 69 4  47 6  19 15 51 21 0  83 0  0  30 0  0  0  90 23 3  96 97 68 0  29 34 0  0  4  82 0  38 0  0  66 33 56 69 98 77 0  80 66 79 0  73 74 45 91 72 57 0  92 24 0  5  58 50 56 3  76 68 76 68 0  0  68 77 87 43 21 30 81 87 1  0  28 0  0  69 99 
0  83 98 84 0  81 62 10 0  0  33 17 99 97 76 1  0  53 0  0  83 0  72 0  17 70 0  13 82 94 0  27 49 55 0  26 59 0  39 0  57 61 0  91 36 42 97 0  12 38 82 34 0  32 37 70 84 0  6  36 48 95 88 28 74 89 0  55 68 32 0  33 0  7  0  0  0  18 98 1  1  13 19 33 0  0  5  97 39 7  66 57 24 94 0  15 0  47 62 16 
0  0  40 52 0  45 0  0  0  0  0  41 5  0  16 42 24 54 95 0  41 84 0  0  0  29 0  27 0  45 68 0  67 76 0  0  0  67 64 15 0  0  0  57 39 62 0  0  73 0  34 0  51 79 74 0  13 0  60 1  43 0  0  0  0  0  11 0  81 58 0  10 4  70 26 26 0  0  0  0  0  16 0  22 0  0  74 95 0  49 0  81 15 0  0  0  0  0  0  65 
0  0  82 74 57 0  53 81 99 37 38 0  33 98 28 88 71 0  67 16 0  14 0  35 2  90 0  33 49 44 0  20 62 95 12 51 73 27 84 90 16 18 0  13 85 8  81 25 0  0  0  51 18 6  27 11 66 98 0  3  34 25 11 78 20 0  86 0  84 48 97 27 51 14 93 0  0  45 0  32 0  48 91 21 11 62 91 84 0  58 0  24 64 0  0  0  21 0  0  44 
0  0  25 0  0  0  0  0  55 96 54 32 27 0  74 0  9  18 0  0  0  0  0  20 70 0  76 28 0  80 96 0  0  0  51 0  51 0  0  9  24 2  0  5  47 64 47 48 27 66 32 79 6  17 26 79 0  1  27 68 45 91 55 92 75 0  0  77 28 72 71 0  0  0  68 0  0  0  0  0  0  94 0  24 0  15 0  0  25 61 87 20 0  0  0  25 0  71 0  53 
0  4  43 15 55 91 48 0  84 13 17 0  0  90 90 63 75 82 62 35 84 50 67 56 93 46 0  0  92 29 63 0  0  61 71 90 64 54 78 0  7  22 12 43 98 86 85 27 26 33 37 74 27 26 11 0  34 71 40 67 0  0  0  81 37 13 71 68 0  0  9  19 0  76 0  58 72 0  30 54 96 66 0  72 86 58 74 90 9  0  30 62 59 74 95 61 0  79 93 0  
0  11 37 61 72 41 41 23 23 0  27 49 64 0  0  71 56 12 0  73 0  76 89 82 0  14 77 49 58 3  0  0  1  30 70 95 5  0  34 26 0  35 73 0  44 23 35 0  0  56 70 0  11 79 0  77 37 14 87 79 62 56 0  25 71 60 0  0  79 34 0  0  25 0  17 50 89 30 70 17 0  31 0  69 0  41 37 63 21 0  55 63 0  0  88 0  0  0  60 72 
33 72 99 0  53 0  74 0  66 93 96 38 30 98 0  0  0  65 0  93 26 34 51 35 18 84 21 0  22 92 20 29 74 28 0  9  34 1  0  91 71 35 47 68 65 35 98 69 90 69 84 13 66 0  34 37 4  46 0  44 83 98 73 95 0  39 12 43 89 27 0  60 55 0  46 0  0  46 0  24 0  81 54 0  77 0  33 4  13 98 0  4  6  91 38 0  39 10 0  0  
0  0  0  36 0  0  75 96 43 62 55 12 0  0  0  0  0  0  5  56 40 22 52 65 99 32 0  70 0  0  86 0  44 40 0  23 0  37 79 94 34 0  11 32 68 95 37 0  35 98 0  0  98 1  71 14 46 0  23 0  84 89 55 26 0  2  47 13 0  44 52 64 15 88 68 78 0  98 0  47 74 93 81 94 99 40 28 68 82 90 0  3  99 23 15 47 85 0  96 17 
99 0  0  63 4  0  0  0  47 84 77 44 14 99 0  0  31 44 94 29 60 0  31 0  80 34 0  0  61 89 8  0  19 14 20 0  19 0  1  0  60 44 0  78 43 72 64 0  75 77 6  60 0  27 40 87 0  23 73 77 0  20 62 86 0  0  56 59 83 66 31 40 0  0  85 32 14 74 74 91 55 24 0  0  65 0  44 59 44 6  71 0  0  3  27 96 0  4  88 65 
0  66 3  72 44 0  31 0  61 73 0  79 0  85 84 0  0  67 0  51 86 0  7  0  0  0  0  0  0  26 0  0  0  61 0  6  57 0  0  0  0  6  0  82 22 31 0  0  85 0  36 1  3  68 67 79 44 0  77 0  0  0  85 0  0  0  0  65 0  0  0  0  2  0  0  33 0  0  70 0  0  0  46 89 20 2  0  7  28 36 42 0  0  0  11 2  0  0  0  11 
12 0  0  0  4  0  29 13 55 69 17 0  71 0  28 0  72 87 0  0  25 0  34 16 66 38 21 15 0  49 90 48 94 88 47 23 78 57 17 40 49 0  75 1  40 44 0  17 0  80 48 43 34 45 0  62 83 84 0  0  40 46 26 0  0  80 0  0  0  24 61 0  54 0  0  55 17 67 0  20 36 0  63 22 94 0  69 24 0  87 75 0  92 0  0  83 22 2  0  36 
79 0  0  81 40 73 33 94 16 17 44 14 44 68 21 10 19 11 99 0  0  0  0  5  28 88 3  23 0  8  0  0  25 61 25 80 49 65 91 55 0  68 17 51 87 29 44 60 69 66 95 0  25 91 0  56 98 89 20 0  46 19 0  92 0  78 0  12 45 79 99 75 53 0  0  33 0  74 0  0  25 2  72 39 56 94 44 14 24 40 92 66 82 81 28 99 74 91 0  66 
21 18 0  0  72 0  62 35 54 9  0  62 0  25 34 0  0  0  0  75 0  0  0  0  5  78 0  99 88 90 60 0  9  69 0  23 0  0  0  90 90 0  0  21 4  87 3  9  0  79 88 0  11 55 0  0  73 55 62 85 26 0  0  29 0  98 0  91 96 68 0  0  0  0  1  21 47 0  0  91 6  0  98 24 43 72 94 24 0  29 38 63 0  7  0  64 0  0  0  12 
18 22 7  0  0  0  0  0  30 10 0  1  75 30 63 0  0  0  0  0  0  86 0  0  72 30 89 3  50 0  21 69 92 0  0  39 0  0  92 55 38 0  0  0  87 85 41 19 82 0  28 0  78 92 81 25 95 26 86 0  0  92 29 0  83 79 37 19 84 0  8  79 83 73 24 78 0  0  21 0  0  85 0  14 40 0  77 52 20 0  85 50 51 19 53 37 0  92 0  85 
0  0  0  0  0  0  35 0  29 0  0  16 6  43 58 0  0  0  57 0  0  0  16 0  40 0  0  94 0  53 0  0  41 88 0  0  76 9  78 0  0  0  0  28 37 36 0  0  0  73 74 0  20 75 37 71 0  0  0  0  0  0  0  83 0  0  63 38 72 41 0  0  74 0  0  68 0  0  85 0  0  0  0  0  0  44 0  89 26 0  87 79 0  0  0  0  0  46 89 83 
0  0  0  18 2  39 50 0  0  63 0  0  62 0  0  42 0  32 0  0  76 83 31 0  33 0  0  68 0  26 0  0  76 0  0  27 0  57 0  23 0  0  55 0  43 0  35 2  32 74 89 0  0  0  13 60 39 2  0  0  80 78 98 79 0  0  93 38 72 79 0  0  0  0  1  0  58 0  80 31 0  13 0  0  5  86 58 44 0  9  43 0  0  76 0  0  0  10 0  0  
0  17 77 0  1  0  0  0  0  0  0  26 78 0  84 11 13 89 78 0  0  85 0  0  75 41 0  70 0  51 92 0  97 0  38 0  0  0  46 40 0  50 56 91 7  27 69 0  61 45 0  11 86 0  71 0  12 47 56 0  0  0  0  37 63 93 0  66 41 81 0  0  29 0  44 39 79 82 2  14 93 74 0  69 0  21 14 0  12 0  61 0  87 56 39 0  45 99 0  0  
0  0  0  5  70 0  14 16 26 0  3  53 6  0  23 63 62 8  0  0  0  56 47 2  0  36 0  70 0  8  81 0  0  22 0  16 86 0  8  34 0  82 5  33 0  55 0  0  0  91 55 0  0  77 68 0  43 13 59 65 0  12 91 19 38 38 66 0  0  0  0  0  28 0  0  55 0  50 0  0  0  0  34 0  0  0  33 96 0  59 0  0  45 62 73 0  95 35 0  59 
0  0  0  99 31 0  53 0  28 34 95 21 58 0  67 0  0  94 31 0  13 2  16 0  33 0  0  59 17 0  0  0  21 50 58 0  44 56 27 56 0  97 17 95 13 55 92 12 0  72 68 81 84 28 0  79 89 0  83 0  0  45 96 84 72 72 41 0  0  51 0  0  0  66 46 64 98 26 0  52 54 66 96 64 16 0  82 77 57 34 19 7  69 28 86 0  2  41 0  0  
0  16 0  48 0  0  0  33 28 0  1  0  0  84 75 30 0  72 0  0  67 0  36 26 32 51 14 43 66 29 77 0  57 2  0  0  58 14 88 7  87 84 0  38 0  35 18 70 97 57 32 58 48 72 0  34 27 44 66 0  24 79 68 0  41 79 81 0  51 0  55 0  13 0  76 70 79 24 0  23 0  0  42 0  95 88 17 32 11 0  32 70 4  93 0  3  56 67 7  1  
0  0  0  0  26 0  88 0  0  0  0  0  0  0  1  1  0  0  0  0  7  71 0  0  0  0  0  0  0  48 0  0  0  51 0  95 48 0  0  19 87 0  0  0  0  91 0  0  81 0  0  0  97 71 9  0  0  52 31 0  61 99 0  8  0  0  0  0  0  55 0  0  0  0  0  37 22 66 0  0  57 76 67 0  0  47 36 26 0  0  0  97 0  14 0  38 0  0  0  0  
0  0  0  0  0  0  0  80 0  0  78 93 0  35 39 0  94 0  0  0  69 16 0  58 43 39 0  81 0  0  0  84 53 0  24 40 0  0  27 71 98 17 0  11 72 31 0  0  0  92 33 10 27 0  19 0  60 64 40 0  0  75 0  79 0  0  0  0  0  0  0  0  79 45 96 64 56 64 0  65 17 12 99 79 0  25 0  50 13 42 50 97 0  0  93 34 0  19 85 19 
18 0  0  72 90 0  85 0  92 6  51 46 0  86 96 33 44 65 0  0  75 0  0  12 74 57 0  0  22 73 0  0  0  0  27 75 97 76 81 0  24 66 0  69 2  6  0  0  40 24 0  4  51 0  0  25 55 15 0  2  54 53 0  83 74 0  29 28 0  13 0  79 42 84 7  2  16 29 59 0  0  0  48 0  0  54 0  92 47 13 52 67 71 19 41 37 34 0  0  82 
26 57 89 54 73 0  0  46 94 0  0  83 78 0  6  0  0  39 0  0  0  0  0  0  0  40 0  43 0  0  0  0  64 0  0  52 27 56 49 68 91 0  0  95 68 41 10 24 0  0  7  70 14 0  76 0  0  88 0  0  0  0  0  73 0  0  0  0  66 0  0  45 84 0  17 0  0  0  61 77 0  79 67 94 0  84 0  0  0  50 63 0  0  0  68 0  0  0  0  30 
0  0  62 0  0  0  4  0  33 0  0  89 0  13 8  68 0  33 63 53 7  61 21 13 92 0  94 0  0  45 76 13 54 81 44 0  97 34 0  82 0  67 0  75 37 8  75 16 0  5  0  26 93 68 0  17 46 68 85 0  0  0  1  24 0  1  44 0  46 76 0  96 7  17 0  97 0  1  32 59 0  20 0  0  33 88 0  26 0  29 69 17 14 0  0  84 0  4  0  38 
96 0  40 51 0  0  79 0  53 47 0  0  88 0  8  0  2  84 7  0  0  19 9  98 0  95 0  30 0  31 0  41 68 0  0  73 12 41 0  29 18 30 0  78 0  29 27 51 55 58 0  26 0  0  58 50 0  78 32 33 55 33 21 78 68 0  39 55 64 70 37 64 2  0  97 44 0  0  0  23 79 31 7  42 79 9  75 0  3  69 0  1  0  86 0  15 19 9  27 91 
0  0  37 0  0  0  64 51 0  0  0  57 0  0  0  0  0  89 0  0  0  72 0  0  30 80 0  87 16 20 0  0  0  32 0  0  0  0  2  0  21 93 0  97 99 51 19 0  50 50 0  0  0  0  72 89 0  0  14 0  17 0  47 0  0  58 79 0  98 79 22 56 16 0  0  0  0  0  0  0  0  87 59 86 0  0  0  0  96 0  4  0  87 22 0  67 0  0  0  7  
0  20 0  37 42 0  0  49 14 0  83 0  10 0  68 69 0  39 0  0  55 21 45 0  22 0  17 0  0  0  0  0  0  97 96 0  2  0  0  88 18 0  0  0  65 28 0  35 0  56 18 0  45 0  0  30 46 98 74 0  67 74 0  0  0  0  82 50 26 24 66 64 29 0  1  0  0  70 0  39 91 74 0  0  10 56 0  52 84 63 91 13 0  7  30 0  0  0  0  97 
0  0  0  0  32 34 82 0  0  0  0  0  0  0  96 0  0  0  0  0  0  0  59 0  0  72 0  26 0  0  0  0  0  62 0  0  41 0  73 33 6  0  0  0  0  0  0  37 37 3  98 0  0  0  30 70 0  0  74 70 0  0  0  21 85 80 2  0  0  0  0  0  59 61 32 0  0  0  99 0  0  6  73 0  0  65 0  22 32 31 43 0  0  67 0  0  0  1  0  23 
0  76 0  4  0  79 23 0  0  75 0  0  0  17 12 0  0  68 0  64 77 0  0  0  0  36 0  95 86 58 70 0  47 0  0  87 20 92 57 23 0  90 43 15 15 20 0  2  0  76 1  0  32 0  54 17 24 47 91 0  20 0  91 0  0  31 14 0  52 23 0  65 0  77 59 23 0  39 0  63 0  0  0  25 95 0  0  0  0  0  12 98 0  70 0  0  0  26 0  53 
0  0  0  33 97 0  79 0  0  17 95 0  41 88 84 0  0  53 0  0  49 23 84 8  0  20 0  0  0  0  0  0  0  12 0  68 0  0  0  32 48 0  0  42 0  70 0  0  0  68 1  0  0  0  96 0  0  74 55 0  36 25 6  0  0  0  93 0  54 0  57 17 0  0  0  79 0  91 0  0  0  14 18 87 0  66 28 9  59 56 20 91 42 0  38 0  0  14 0  41 
27 0  64 92 82 1  37 0  60 65 0  33 96 12 1  0  91 6  7  41 0  15 70 91 1  96 0  40 0  87 41 0  0  77 0  73 33 89 10 24 85 0  72 0  37 0  78 68 84 76 13 16 48 94 66 31 81 93 24 0  0  2  0  85 0  13 74 0  66 0  76 12 0  79 20 31 87 74 6  0  14 0  0  63 26 0  84 60 0  67 0  70 88 16 12 0  42 21 0  0  
34 59 0  73 65 81 21 25 0  0  0  99 68 43 13 73 57 62 0  86 21 30 85 84 85 24 60 18 0  97 0  0  12 92 49 62 64 75 46 29 0  0  0  0  0  92 14 55 80 68 19 0  91 0  0  0  54 81 0  46 63 72 98 0  0  0  0  34 96 42 67 99 48 67 0  7  59 0  73 0  18 0  28 0  23 38 51 0  96 95 40 29 2  0  45 68 0  64 91 74 
72 29 0  15 0  0  33 57 14 0  0  82 0  2  87 64 0  81 0  0  0  0  30 58 75 79 0  23 10 98 35 0  28 85 0  30 35 0  65 98 0  5  0  35 58 24 0  73 0  0  33 22 21 24 72 69 0  94 0  89 22 39 24 14 0  0  69 0  64 0  0  79 0  94 0  42 86 0  0  25 87 63 0  95 71 32 34 53 6  0  0  30 9  37 87 0  96 62 0  37 
0  39 0  28 83 0  31 8  27 70 0  96 0  0  58 54 0  0  0  0  0  52 10 0  93 24 0  91 0  0  84 49 61 0  0  30 67 0  35 0  49 96 0  65 0  0  59 0  0  0  0  0  11 0  86 0  77 99 65 20 94 56 43 40 0  5  0  0  16 95 0  0  0  0  33 79 0  10 0  95 0  26 23 71 0  61 0  86 15 8  18 0  0  16 61 0  0  95 83 81 
88 0  0  61 62 20 0  9  95 23 0  32 68 0  7  31 79 0  82 0  0  0  2  43 25 82 0  34 85 16 67 0  83 0  80 65 32 0  97 81 0  50 1  74 0  85 0  0  28 68 0  0  62 15 58 41 0  40 0  2  0  94 72 0  44 86 21 0  0  88 47 25 54 84 88 9  0  56 65 0  66 0  38 32 61 0  0  0  47 12 45 0  0  5  48 0  1  53 0  10 
0  32 5  86 0  6  56 65 96 0  28 21 0  74 78 32 0  0  0  0  40 46 0  0  54 49 0  40 85 1  0  0  68 0  20 66 54 42 25 11 43 81 0  44 89 69 0  0  0  77 5  74 91 0  74 37 33 28 44 0  69 44 94 77 0  58 14 33 82 17 36 0  0  0  0  75 0  0  0  0  28 84 51 34 0  0  19 2  96 0  0  0  0  0  0  0  10 55 0  93 
63 76 0  51 52 0  15 0  75 14 73 47 0  0  0  57 0  52 0  96 55 0  28 0  0  19 0  92 20 6  77 0  70 0  27 24 0  68 0  15 49 0  0  4  79 0  81 60 5  87 97 95 84 0  90 63 4  68 59 7  24 14 24 52 89 44 0  96 77 32 26 50 92 0  26 0  0  52 22 0  9  60 0  53 86 0  2  83 20 0  9  45 0  51 35 99 0  0  0  36 
0  48 83 0  90 91 96 63 69 4  0  0  2  0  35 90 0  66 53 90 91 44 0  8  80 0  0  34 0  0  44 11 32 0  0  73 22 49 29 22 57 10 89 0  97 81 0  64 96 43 39 0  0  25 9  21 13 82 44 28 0  24 0  20 26 0  12 0  57 11 0  13 47 0  0  3  96 84 32 0  59 0  96 6  15 47 96 20 80 47 0  92 69 17 82 0  94 0  0  0  
97 39 46 0  0  0  28 0  30 0  0  0  19 0  0  13 58 0  69 0  97 53 55 0  80 40 0  6  0  7  5  23 49 26 64 0  17 62 0  54 4  0  0  92 0  44 0  0  10 21 7  49 58 61 0  0  98 90 6  36 87 40 29 0  0  9  0  59 34 0  0  42 13 50 29 69 0  63 31 0  56 67 95 0  8  12 0  0  47 0  0  49 0  33 68 31 0  82 0  0  
52 82 0  0  82 16 72 98 13 0  0  54 75 55 43 15 0  87 38 39 80 84 46 49 94 70 29 87 0  69 0  0  27 72 46 88 94 0  11 28 68 28 57 38 73 98 48 72 56 30 66 0  0  87 30 55 0  0  71 42 75 92 38 85 87 43 61 0  19 32 0  50 52 63 69 0  4  91 43 12 20 0  40 0  18 45 0  9  0  0  57 0  0  51 1  92 0  80 99 97 
86 0  47 60 45 63 83 6  0  0  10 0  8  27 21 9  11 0  18 0  22 98 68 11 0  9  0  20 0  75 0  0  26 30 26 0  68 80 7  65 73 3  15 51 40 97 16 0  0  81 57 81 24 20 62 63 4  3  0  0  0  66 63 50 79 0  0  0  7  70 97 97 67 0  17 1  0  13 0  98 91 70 29 30 0  0  0  45 92 49 0  0  12 44 0  76 0  0  44 0  
56 32 29 0  93 0  81 0  69 42 0  18 59 52 0  99 24 58 0  84 2  0  49 0  0  39 51 25 0  0  0  0  26 0  0  35 82 8  73 0  0  34 0  41 13 57 35 83 0  87 24 15 64 0  59 0  6  99 0  0  92 82 0  51 0  0  87 45 69 4  0  0  71 0  14 0  87 0  0  0  42 88 2  9  0  0  0  0  69 0  0  12 0  27 0  0  0  0  58 89 
0  84 64 81 27 0  76 81 66 10 0  88 9  0  46 38 33 0  0  0  0  22 14 61 79 73 28 0  0  81 40 73 36 61 99 77 39 20 90 29 42 98 0  44 63 87 79 32 15 1  94 0  0  0  74 0  91 23 3  0  0  81 7  19 0  76 56 62 28 93 14 0  19 0  0  86 22 7  67 70 0  16 0  37 16 5  0  51 17 33 51 44 27 0  44 93 0  42 17 17 
0  93 0  0  36 0  74 20 58 0  0  5  0  0  33 0  0  19 0  0  31 29 25 0  0  0  52 45 0  0  0  0  22 0  39 0  8  0  28 64 1  0  0  53 34 0  0  50 0  0  0  0  0  0  95 88 38 15 27 11 0  28 0  53 0  0  39 73 86 0  0  93 41 68 0  0  0  30 0  0  38 12 45 87 61 48 0  35 82 68 1  0  0  44 0  0  0  0  0  0  
90 20 0  48 73 56 67 0  38 0  0  0  0  58 95 19 0  0  0  0  77 0  0  0  30 0  0  87 0  2  0  0  18 0  0  74 36 0  85 51 76 7  0  10 86 0  78 31 10 28 15 0  0  25 61 0  0  47 96 2  83 99 64 37 0  0  0  0  0  3  38 34 37 0  84 15 67 0  0  0  0  0  68 0  0  0  0  99 0  31 92 76 0  93 0  0  0  34 48 52 
0  0  0  53 0  29 61 0  12 0  0  59 0  0  0  0  0  10 58 0  0  0  0  47 0  0  0  0  0  0  0  0  74 91 0  0  40 0  0  45 45 96 0  14 42 35 0  89 0  0  0  0  21 0  0  0  39 85 0  0  22 74 0  0  0  0  45 95 2  56 0  0  34 0  0  19 0  0  0  0  0  42 0  96 0  1  10 0  94 0  0  0  0  0  0  0  0  84 0  28 
40 0  98 25 43 90 0  8  61 84 0  13 0  0  58 0  0  76 91 0  78 0  37 34 54 76 83 12 87 0  99 97 42 28 0  0  0  0  0  67 29 32 0  71 24 0  16 0  0  0  47 0  0  71 79 0  10 0  4  0  2  91 0  92 46 10 99 35 41 67 0  19 0  0  4  9  0  0  1  26 14 21 64 62 95 53 55 0  0  82 80 0  0  42 0  34 84 78 0  35 
0  0  0  0  46 0  0  0  10 0  0  0  0  0  48 11 0  91 0  35 0  79 50 0  1  0  0  95 67 85 0  0  7  0  0  3  0  0  0  52 70 0  0  0  76 10 0  0  0  69 62 0  0  0  93 60 0  96 88 0  0  0  0  0  89 0  0  0  0  7  0  85 0  0  0  27 0  0  0  0  0  0  91 0  83 0  0  0  0  0  99 44 58 17 0  48 0  0  0  0  
79 15 0  0  24 57 39 0  35 80 0  98 0  21 0  94 16 37 86 8  23 32 10 65 16 90 79 60 95 34 74 97 38 19 92 31 17 56 77 72 43 0  63 0  98 15 0  69 33 99 16 65 44 53 0  72 0  17 65 11 36 66 12 85 83 0  0  59 0  1  0  19 82 30 38 91 7  97 23 53 41 0  74 37 81 10 93 36 0  0  97 0  89 17 0  52 28 35 0  73 